sourcedatagen1:0.950013;calc2:0.162894;watermarkassigner3:0.117935;minibatchassigner4:0.142544;calc7:0.0923794;calc5:0.0882148;join9:0.0129006;calc10:0.00140069;nexmarkq311writer:0.00158745;
sourcedatagen1:0.950019;calc2:0.162896;watermarkassigner3:0.117936;minibatchassigner4:0.142545;calc7:0.09238;calc5:0.0882153;join9:0.0129685;calc10:0.0014417;nexmarkq311writer:0.00163393;
sourcedatagen1:0.950019;calc2:0.162895;watermarkassigner3:0.117936;minibatchassigner4:0.142545;calc7:0.09238;calc5:0.0882153;join9:0.0130241;calc10:0.00141408;nexmarkq311writer:0.00160263;
